0	[38737, 35589, 22939, 49678, 49574, 44887, 44846, 42697, 35633, 35477]
1	[49574, 19, 13, 12, 3, 2]
2	[5, 1]
3	[89, 85, 83, 38, 30, 29, 16, 10, 1]
4	[89, 85, 83, 46, 38, 30, 19, 16, 13]
5	[44887, 35589, 34394, 31232, 30691, 29791, 29724, 28193, 12846, 2]
6	[19]
7	[]
8	[12, 16, 80, 77, 74, 27, 18, 15, 14]
9	[]
10	[89, 83, 38, 18, 85, 55, 53, 41, 29, 11]
11	[12, 10]
12	[18, 8, 35477, 53, 11, 1]
13	[20, 17, 15, 4, 1]
14	[80, 77, 74, 72, 50, 27, 18, 17, 15, 8]
15	[77, 74, 72, 18, 14, 13, 8]
16	[17, 8, 85, 55, 41, 29, 4, 3]
17	[16, 50, 14, 13]
18	[12, 10, 83, 80, 77, 74, 72, 53, 38, 27]
19	[53, 28, 26, 6, 4, 1]
20	[44846, 35633, 30257, 13]
21	[]
22	[]
23	[]
24	[]
25	[]
26	[53, 28, 19]
27	[80, 77, 74, 72, 37, 18, 14, 8]
28	[53, 26, 19]
29	[89, 85, 83, 55, 41, 38, 30, 16, 10, 3]
30	[89, 83, 38, 35477, 85, 55, 53, 41, 29, 4]
31	[]
32	[]
33	[]
34	[]
35	[]
36	[]
37	[27]
38	[83, 89, 85, 30, 10, 72, 55, 53, 46, 41]
39	[]
40	[]
41	[55, 38737, 1532, 89, 85, 83, 38, 30, 29, 16]
42	[]
43	[]
44	[]
45	[]
46	[85, 83, 72, 38, 4]
47	[]
48	[]
49	[]
50	[17, 14]
51	[]
52	[]
53	[31337, 12570, 89, 83, 38, 30, 28, 26, 19, 18]
54	[]
55	[41, 38737, 1532, 89, 85, 83, 38, 30, 29, 16]
56	[]
57	[]
58	[]
59	[]
60	[]
61	[]
62	[]
63	[]
64	[]
65	[]
66	[]
67	[]
68	[]
69	[]
70	[]
71	[]
72	[85, 83, 80, 77, 74, 46, 38, 27, 18, 15]
73	[]
74	[80, 77, 72, 27, 18, 15, 14, 8]
75	[]
76	[]
77	[80, 74, 72, 27, 18, 15, 14, 8]
78	[]
79	[]
80	[27, 77, 74, 72, 18, 14, 8]
81	[]
82	[]
83	[38, 89, 85, 30, 10, 72, 55, 53, 46, 41]
84	[]
85	[83, 38, 89, 72, 55, 46, 41, 30, 29, 16]
86	[]
87	[]
88	[]
89	[30, 83, 38, 10, 85, 55, 53, 41, 29, 4]
90	[]
91	[]
92	[]
93	[]
94	[]
95	[]
98	[]
39022	[]
111	[]
43121	[]
117	[]
20599	[]
24596	[]
18560	[]
129	[]
134	[]
135	[0]
24714	[]
2755	[]
150	[]
12313	[]
2203	[]
12453	[]
29726	[]
18625	[]
43447	[]
24777	[]
43262	[]
26887	[]
12562	[]
16659	[]
2324	[]
12570	[31337, 53, 0]
33060	[]
12584	[]
33080	[]
20533	[]
10240	[]
47445	[]
12633	[]
26970	[]
12636	[]
12347	[]
2406	[]
2409	[]
2411	[]
2413	[]
35195	[]
10623	[]
12680	[]
12682	[]
22939	[0, 49574, 44887, 44846, 35633, 35589, 34394, 31232, 30691, 30257]
31140	[]
49574	[22939, 1, 0]
20553	[]
49592	[]
444	[]
49226	[]
20557	[]
41444	[]
2062	[]
41456	[]
41457	[]
33269	[]
8703	[]
31232	[44887, 35589, 34394, 30691, 29791, 29724, 28193, 22939, 12846, 5]
8706	[]
8715	[]
49678	[0]
18972	[]
34906	[]
543	[0]
18977	[]
6156	[]
2141	[]
2142	[]
575	[]
8768	[]
19010	[]
439	[]
6157	[]
2644	[]
2646	[]
2648	[]
25177	[]
8795	[]
14943	[]
2659	[]
33380	[]
19049	[]
19051	[]
623	[0]
31347	[]
629	[]
2678	[]
19068	[]
29319	[]
34392	[]
35477	[30, 12, 0]
25239	[]
25247	[]
23202	[]
25256	[]
29379	[]
31435	[]
8932	[]
6893	[]
35585	[]
35589	[0, 44887, 34394, 31232, 30691, 29791, 29724, 28193, 22939, 12846]
49927	[]
47887	[]
19217	[]
13076	[]
35605	[]
35606	[]
35613	[]
35617	[]
29481	[]
16519	[]
35633	[44846, 30257, 22939, 20, 0]
35648	[]
49985	[]
19269	[]
15186	[]
6995	[]
15190	[]
35678	[]
35699	[]
4990	[]
13185	[]
11142	[]
4999	[]
29576	[]
29581	[]
27536	[]
41878	[]
13207	[]
19358	[]
27552	[]
27554	[]
5040	[]
15283	[]
19388	[]
15294	[]
35776	[]
15520	[]
27591	[]
35785	[]
9172	[]
23512	[]
15326	[]
23520	[]
38736	[]
19427	[]
13285	[]
19430	[]
23527	[]
1001	[]
35822	[]
17235	[]
15356	[]
23557	[]
27655	[]
29724	[44887, 35589, 34394, 31232, 30691, 29791, 28193, 22939, 12846, 5]
17438	[]
27679	[0]
34651	[]
46126	[]
5170	[]
21556	[]
3131	[]
1085	[]
29767	[]
9289	[]
1100	[]
27736	[]
29791	[44887, 35589, 34394, 31232, 30691, 29724, 28193, 22939, 12846, 5]
7284	[0]
29826	[]
11399	[]
11416	[]
27808	[]
3238	[]
29872	[]
1220	[]
1234	[]
3298	[]
17636	[]
42231	[]
31993	[]
4993	[]
12846	[44887, 35589, 34394, 31232, 30691, 29791, 29724, 28193, 22939, 5]
44310	[]
40218	[]
7463	[]
32045	[]
21822	[]
1343	[]
32064	[]
1357	[]
21843	[]
13661	[]
18320	[]
1383	[]
30062	[]
5487	[]
21873	[]
5490	[]
30071	[]
44412	[]
29260	[]
34250	[]
17874	[]
5588	[]
44505	[]
13793	[]
13795	[]
34280	[]
17898	[]
40433	[]
3573	[]
3574	[]
1532	[38737, 55, 41, 0]
13829	[]
9735	[]
19983	[]
13840	[]
9745	[]
13845	[]
13849	[]
44575	[]
28193	[44887, 35589, 34394, 31232, 30691, 29791, 29724, 22939, 12846, 5]
7714	[]
7718	[]
19079	[42697, 0]
20016	[]
30257	[44846, 35633, 22939, 20, 0]
5685	[]
32317	[]
1600	[]
13912	[]
19044	[]
34394	[44887, 35589, 31232, 30691, 29791, 29724, 28193, 22939, 12846, 5]
20070	[]
34406	[]
11879	[]
20074	[]
20075	[]
34412	[]
274	[]
34418	[]
9843	[]
34420	[]
31337	[12570, 53, 0]
13951	[]
25195	[]
27585	[]
7789	[]
34450	[]
3734	[]
16027	[]
1694	[]
9892	[]
1705	[]
627	[]
14005	[]
42697	[19079, 0]
18122	[]
9847	[]
42704	[]
1754	[]
18147	[]
18148	[]
32489	[]
18163	[]
14070	[]
32503	[]
42748	[]
128	[]
44824	[]
34439	[]
44846	[35633, 30257, 22939, 20, 0]
3895	[]
20283	[]
20290	[]
14160	[]
38737	[0, 1532, 55, 41]
30691	[44887, 35589, 34394, 31232, 29791, 29724, 28193, 22939, 12846, 5]
22357	[]
3926	[]
44887	[35589, 34394, 31232, 30691, 29791, 29724, 28193, 22939, 12846, 5]
3931	[]
38750	[]
23525	[]
14182	[]
32828	[0]
18286	[]
32631	[]
18311	[]
38792	[]
6027	[0]
38800	[]
18332	[]
18338	[]
18075	[]
38822	[]
14248	[]
33439	[]
10175	[]
6085	[]
22486	[]
3748	[]
24539	[]
2019	[]
2022	[]
45046	[]
22520	[]
45054	[]
